piwa
1 
20 
20 
10 
10 
10 
0 
4 
0 
401 
0 
3 
220 
0 
206 
0 
210 
0 
221 
0 
0 
0 
0 
0 
0 
0 
0 
47 
4 
0 
0 
0 
0 
0 
85 
0 
0 
0 
0 
0 
0 
0 
0 
2 
0 
1 
0 
0 
0 
7 
0 
0 
22 
25 
1604 
0 
1 
0 
0 
1 
0 
0 
1 
4 
1 
1 
0 
0 
0 
0 
0 
0 
4 
0 
5 
0 
-1 
0 
0 
0 
0 
2 
2 
2 
0 
0 
0 
0 
12 
0 
0 
1 
1 
1 
0 
0 
0 
1 
0 
4 
0 
0 
0 
0 
4 
0 
4 
0 
0 
0 
0 
0 
0 
0 
0 
0 
0 
4 
0 
2 
1 
0 
0 
0 
0 
0 
0 
0 
4 
0 
0 
0 
2 
0 
0 
0 
0 
0 
1 
1 
0 
0 
0 
0 
0 
0 
0 
0 
0 
0 
0 
0 
0 
0 
0 
0 
0 
0 
0 
1 
0 
0 
0 
0 
0 
0 
0 
0 
0 
0 
0 
0 
0 
0 
0 
0 
0 
0 
0 
0 
1 
1 
1 
1 
1 
0 
0 
0 
0 
0 
0 
0 
0 
0 
0 
0 
0 
0 
0 
0 
0 
0 
0 
0 
0 
0 
0 
0 
0 
0 
0 
0 
0 
0 
0 
0 
0 
0 
0 
0 
0 
0 
0 
0 
0 
0 
0 
0 
0 
205 
0 
0 
0 
0 
0 
0 
0 
0 
0 
0 
0 
0 
0 
0 
0 
0 
0 
0 
0 
0 
0 
0 
0 
0 
0 
0 
0 
0 
0 
0 
0 
0 
0 
0 
0 
0 
0 
0 
0 
0 
0 
0 
0 
0 
0 
0 
0 
0 
0 
0 
0 
0 
0 
1 
0 
0 
0 
0 
0 
1 
0 
0 
0 
0 
0 
0 
0 
0 
1 
1 
0 
0 
0 
0 
2 
0 
0 
0 
0 
0 
0 
0 
1 
0 
0 
0 
0 
0 
1 
0 
0 
0 
0 
0 
0 
0 
0 
0 
0 
1 
1 
0 
0 
0 
0 
0 
0 
0 
0 
0 
0 
0 
0 
0 
0 
0 
0 
0 
0 
0 
0 
0 
0 
0 
0 
0 
0 
0 
0 
0 
0 
0 
0 
0 
0 
0 
0 
0 
0 
0 
0 
0 
0 
0 
0 
0 
0 
0 
0 
0 
1500 
1 
1 
2 
0 
0 
3 
4 
0 
0 
0 
0 
0 
0 
0 
0 
0 
0 
26 
3 
1 
1 
1 
1 
1 
0 
0 
0 
0 
0 
0 
10 
0 
0 
2 
1 
0 
0 
0 
0 
0 
0 
0 
0 
6 
6 
0 
4 
1 
1 
0 
0 
0 
0 
0 
0 
0 
4 
1 
0 
0 
0 
2 
0 
0 
1 
0 
1 
1 
0 
3 
0 
0 
0 
0 
1 
0 
0 
0 
0 
1 
1 
0 
0 
0 
0 
0 
0 
0 
2 
1 
0 
0 
0 
0 
0 
0 
0 
0 
17 
0 
1 
1 
1 
2 
1 
0 
0 
0 
0 
0 
0 
0 
0 
0 
0 
0 
0 
0 
0 
0 
0 
0 
0 
0 
1 
0 
0 
0 
0 
0 
0 
0 
0 
0 
0 
0 
0 
0 
0 
0 
1 
0 
0 
0 
5 
0 
0 
0 
0 
0 
0 
0 
0 
0 
0 
0 
0 
0 
0 
0 
208 
1 
1 
1 
337 
319 
219149 