Chara
19 
92 
20 
46 
10 
14 
0 
4 
50000 
3521 
104 
36 
206 
11 
0 
16 
0 
16 
0 
16 
0 
61 
0 
43 
0 
43 
0 
47 
4 
0 
0 
0 
0 
0 
16 
0 
0 
1 
0 
0 
0 
0 
0 
1 
1 
1 
0 
0 
0 
5 
0 
0 
0 
0 
573 
0 
0 
0 
0 
1 
0 
0 
1 
0 
1 
0 
0 
0 
0 
0 
0 
0 
4 
0 
4 
1 
-1 
0 
0 
0 
0 
1 
1 
1 
1 
0 
2 
0 
0 
0 
0 
1 
0 
1 
0 
0 
1 
1 
0 
4 
0 
0 
0 
0 
0 
0 
4 
0 
0 
0 
1 
0 
0 
0 
0 
0 
0 
0 
0 
1 
10 
0 
0 
0 
0 
0 
0 
0 
0 
0 
0 
0 
2 
0 
0 
1 
0 
0 
1 
1 
0 
0 
0 
0 
0 
0 
0 
0 
0 
0 
0 
0 
0 
0 
0 
0 
0 
0 
0 
0 
0 
0 
0 
0 
0 
0 
0 
0 
0 
0 
0 
0 
0 
0 
0 
0 
0 
0 
0 
0 
0 
0 
0 
0 
0 
0 
0 
0 
0 
0 
0 
0 
0 
0 
0 
0 
0 
0 
0 
0 
0 
0 
0 
0 
0 
0 
0 
0 
0 
0 
0 
0 
0 
0 
0 
0 
0 
0 
0 
0 
0 
0 
0 
0 
0 
0 
0 
0 
0 
205 
104 
21 
16 
19 
42 
0 
0 
0 
0 
0 
0 
0 
0 
0 
0 
0 
0 
0 
0 
0 
1 
1 
0 
0 
0 
0 
0 
0 
0 
0 
0 
0 
0 
0 
0 
0 
0 
0 
0 
0 
0 
0 
0 
0 
0 
0 
0 
0 
0 
0 
1 
1 
4 
0 
0 
1 
0 
0 
0 
1 
0 
0 
0 
0 
0 
0 
0 
0 
0 
1 
0 
0 
0 
0 
2 
0 
0 
0 
0 
0 
0 
0 
0 
0 
0 
0 
0 
0 
0 
1 
1 
0 
0 
0 
0 
0 
0 
0 
0 
14 
21 
21 
37 
37 
0 
0 
0 
0 
0 
0 
0 
0 
0 
0 
0 
0 
0 
0 
0 
0 
0 
0 
0 
0 
0 
0 
0 
0 
0 
0 
0 
0 
0 
0 
0 
0 
0 
0 
0 
0 
0 
0 
0 
0 
0 
0 
0 
0 
0 
1 
0 
0 
0 
2 
0 
0 
3 
7 
0 
0 
0 
0 
0 
0 
0 
0 
1 
1 
99 
1 
1 
0 
0 
1 
1 
0 
0 
0 
0 
0 
0 
10 
0 
0 
0 
1 
0 
0 
0 
0 
0 
0 
0 
0 
0 
6 
1 
4 
1 
1 
0 
1 
0 
0 
0 
0 
0 
2 
0 
0 
0 
0 
0 
0 
0 
0 
1 
1 
0 
0 
0 
0 
0 
0 
1 
19 
0 
0 
0 
0 
1 
1 
0 
0 
2 
0 
0 
0 
0 
0 
0 
0 
0 
0 
1 
0 
0 
0 
0 
17 
0 
1 
1 
1 
2 
1 
0 
0 
0 
0 
0 
0 
0 
0 
0 
0 
0 
0 
0 
0 
0 
0 
0 
0 
0 
0 
0 
0 
0 
0 
0 
0 
0 
0 
0 
0 
0 
0 
0 
0 
0 
0 
0 
0 
0 
-1 
0 
0 
0 
0 
0 
0 
0 
0 
0 
0 
0 
0 
0 
0 
0 
199 
1 
1 
1 
218 
231 
183671 